0.11089706420898438
0.24779105186462402
0.36452603340148926
0.4391441345214844
0.5234730243682861
0.6181390285491943
1.061894178390503
1.413311243057251
1.6075701713562012
1.703334093093872
1.7784249782562256
1.8499031066894531
1.9195561408996582
2.000661849975586
2.1057090759277344
2.2282800674438477
2.344177007675171
2.4294610023498535
2.5309560298919678
2.613291025161743
2.6939291954040527
2.7678630352020264
2.8564069271087646
2.933326005935669
2.9899401664733887
3.058749198913574
3.2006430625915527
3.3851912021636963
3.5281920433044434
3.599843978881836
3.6729040145874023
3.7777929306030273
3.9121031761169434
3.994475841522217
4.080708980560303
4.156599044799805
4.222003221511841
4.294981956481934
4.368321895599365
4.418637037277222
4.522590160369873
4.705621957778931
4.85706901550293
5.0384681224823
5.117238998413086
5.20088791847229
5.273386001586914
5.341233015060425
5.416640043258667
5.466865062713623
5.5477190017700195
5.6147401332855225
5.679080009460449
5.735988140106201
5.79933500289917
5.864749908447266
5.939136981964111
5.998800039291382
6.1077539920806885
6.174221992492676
6.243907928466797
6.306464910507202
6.366480112075806
6.431249141693115
6.48301887512207
6.546411037445068
6.6119489669799805
6.675375938415527
6.731596946716309
6.794443845748901
6.854685068130493
6.90918493270874
6.975605010986328
7.039003133773804
7.095185995101929
7.16226601600647
7.217445135116577
7.276886940002441
7.331125974655151
7.397351026535034
7.46627402305603
7.539409160614014
7.6194610595703125
7.687144041061401
7.747416973114014
7.807362079620361
7.879816055297852
7.943224906921387
8.001018047332764
8.068703174591064
8.130823135375977
8.196790933609009
8.259691953659058
8.311737060546875
8.373450994491577
8.433889865875244
8.497021198272705
8.550228118896484
8.611647844314575
8.669912099838257
