0.06760716438293457
0.14145112037658691
0.20264601707458496
0.26460790634155273
0.34087228775024414
0.39676427841186523
0.4671652317047119
0.5383150577545166
0.589489221572876
0.660283088684082
0.7091922760009766
0.7753221988677979
0.8324489593505859
0.8879070281982422
0.9498569965362549
1.0025382041931152
1.0642571449279785
1.1173412799835205
1.1908481121063232
1.2465651035308838
1.3161582946777344
1.3819241523742676
1.4358670711517334
1.498779058456421
1.5580389499664307
1.6198971271514893
1.6971912384033203
1.7659692764282227
1.852304220199585
1.9200820922851562
1.9860742092132568
2.0509350299835205
2.1131551265716553
2.1950972080230713
2.254854202270508
2.318786144256592
2.3793070316314697
2.4352800846099854
2.4933481216430664
2.54970121383667
2.6081252098083496
2.6624372005462646
2.721858024597168
2.779146194458008
2.851363182067871
2.912163019180298
2.968291997909546
3.0313520431518555
3.0845439434051514
3.1441221237182617
3.2033772468566895
3.2592482566833496
3.334721088409424
3.383378267288208
3.4428672790527344
3.4953362941741943
3.5493810176849365
3.6038482189178467
3.6623589992523193
3.723865032196045
3.77390718460083
3.8540101051330566
3.9190120697021484
3.9691109657287598
4.032713174819946
4.080376148223877
4.153162240982056
4.215671062469482
4.276262044906616
4.339193105697632
4.392605304718018
4.461250066757202
4.521015167236328
4.580228090286255
4.650970220565796
4.717863082885742
4.796176195144653
4.883591175079346
4.941145181655884
4.997237920761108
5.058678150177002
5.11161208152771
5.180020332336426
5.235173225402832
5.296128034591675
5.363637924194336
5.41967511177063
5.489514350891113
5.544462203979492
5.602180004119873
5.659137010574341
5.71653413772583
5.776488304138184
5.830482244491577
5.891000986099243
5.939707040786743
6.002089262008667
6.05866003036499
6.131814241409302
6.216719150543213
