78
67
77
87
78
77
69
68
72
74
77
76
77
73
70
72
66
78
75
72
74
68
71
77
66
72
72
73
91
72
73
77
70
66
69
81
79
81
67
67
79
75
80
74
70
75
74
70
78
60
75
71
76
79
86
69
66
76
79
76
70
79
75
72
73
75
80
79
74
81
74
76
81
79
66
75
74
78
77
80
71
75
78
72
77
79
79
74
78
75
80
82
75
69
74
76
73
83
69
63
75
81
78
83
75
78
65
77
66
68
82
71
68
81
71
78
80
75
70
77
76
71
74
78
73
66
72
78
77
75
78
82
72
72
69
73
79
76
66
76
76
73
81
72
83
76
73
80
75
79
73
86
68
70
67
74
68
66
70
76
72
68
66
78
82
78
70
81
73
70
71
74
75
82
64
71
72
82
71
75
75
65
70
74
74
67
72
73
72
80
73
72
67
73
77
78
71
71
67
75
78
77
80
72
75
79
79
71
78
76
78
72
76
78
78
74
74
65
77
79
75
77
78
72
75
71
76
73
79
65
74
76
75
80
75
79
80
80
85
79
78
70
82
81
80
69
75
78
85
75
84
72
77
75
69
75
64
75
72
71
69
76
77
72
71
80
65
85
81
84
78
72
65
81
72
75
74
74
63
76
62
73
79
71
66
71
65
67
80
70
74
74
78
82
79
73
71
69
74
76
74
78
69
73
79
69
77
77
72
74
72
73
71
76
79
65
72
63
75
76
75
76
71
77
72
68
78
73
59
77
72
72
71
71
80
64
72
81
71
76
70
69
77
71
75
75
74
74
65
71
77
80
68
78
83
72
73
74
77
67
69
76
71
78
76
81
65
80
79
74
71
71
76
71
74
76
76
79
79
77
77
80
75
76
67
80
81
75
67
75
72
78
75
70
72
73
72
70
81
82
74
77
77
80
75
79
69
89
83
78
80
75
73
65
75
70
74
72
75
70
74
64
73
76
70
72
76
80
76
82
70
64
88
75
66
70
83
76
72
72
69
70
74
82
76
78
80
76
82
69
80
86
80
81
75
73
62
76
78
78
70
82
74
74
75
68
74
81
79
75
85
70
79
68
75
83
76
76
76
82
83
77
79
66
77
70
68
75
69
71
72
83
68
75
74
77
67
74
70
79
74
68
70
76
74
72
72
77
79
71
70
68
80
74
65
82
80
66
78
79
67
69
67
77
77
76
81
73
81
76
77
81
63
73
83
75
83
64
71
70
82
76
74
81
64
77
74
67
73
77
72
72
74
76
76
78
74
77
81
75
82
74
69
76
77
76
78
81
70
75
77
77
78
75
67
84
65
74
80
79
81
77
76
74
77
73
71
75
73
84
73
71
74
70
75
74
78
80
78
77
69
76
67
74
81
77
79
77
76
71
63
71
69
77
78
73
81
74
71
82
80
67
71
79
79
77
74
72
75
74
78
73
76
69
77
75
75
75
76
77
82
71
71
78
72
75
72
83
67
84
71
68
77
77
78
75
79
70
82
75
78
76
79
73
77
89
73
72
81
75
78
74
70
77
77
75
82
79
71
86
67
79
77
72
78
78
73
75
75
77
84
76
70
72
69
73
76
73
80
77
72
64
78
76
67
70
80
76
66
73
78
81
72
75
78
64
67
81
75
65
68
61
74
79
68
81
73
74
82
78
75
70
69
78
72
70
71
72
81
77
76
72
76
77
65
81
77
74
81
81
74
65
80
79
76
83
72
84
74
82
75
73
74
81
79
78
78
84
77
78
70
69
66
60
79
64
72
72
68
79
72
75
70
80
76
82
73
67
74
70
72
75
66
67
77
78
76
70
69
77
74
66
82
76
73
77
79
75
77
78
80
65
85
78
78
74
81
79
80
76
68
79
80
64
70
70
77
79
70
78
68
79
71
73
84
86
73
83
72
77
71
73
77
73
73
75
79
74
75
79
74
69
75
81
75
83
76
72
82
73
79
77
79
82
84
71
67
80
75
71
77
84
63
79
80
85
69
69
78
71
78
66
76
68
65
79
76
74
76
72
76
71
76
83
74
82
75
67
75
78
76
77
71
70
74
73
75
65
77
68
72
70
79
75
74
72
78
74
71
68
72
81
77
79
77
79
77
75
80
71
67
79
75
79
66
76
75
76
71
75
72
78
81
68
77
76
72
70
82
71
85
79
84
75
80
82
84
77
77
62
62
74
78
83
66
64
82
83
78
79
75
84
78
70
77
80
81
70
82
89
75
63
76
81
68
80
82
79
67
76
70
76
65
66
72
76
83
72
74
