13.675 13.675 14.767 90 90 120
1 0 0
0 1 0
0 0 1
0.666967 0.10693299999999999 0.228233 Si, Fe
0.893067 0.560033 0.228233 Si, Fe
0.666967 0.560033 0.228233 Si, Fe
0.439967 0.33303299999999997 0.228233 Si, Fe
0.568667 0.13733299999999998 0.45603299999999997 O
0.235333 0.470667 0.789367 O
0.098 0.902 0.8773 O
0.764667 0.235333 0.210633 O
0.43133299999999997 0.568667 0.543967 O
0.098 0.196 0.8773 O
0.902 0.804 0.1227 O
0.43133299999999997 0.862667 0.543967 O
0.804 0.902 0.8773 O
0.470667 0.235333 0.210633 O
0.13733299999999998 0.568667 0.543967 O
0.196 0.098 0.1227 O
0.862667 0.43133299999999997 0.45603299999999997 O
0.5293329999999999 0.764667 0.789367 O
0.235333 0.764667 0.789367 O
0.568667 0.43133299999999997 0.45603299999999997 O
0.764667 0.5293329999999999 0.210633 O
0.902 0.098 0.1227 O
0.643367 0.999933 0.500033 O
0.310033 0.333267 0.833367 O
0.0233 0.6899 0.8333 O
0.689967 0.023233 0.166633 O
0.356633 0.356567 0.499967 O
0.0233 0.3334 0.8333 O
0.689967 0.666733 0.166633 O
0.356633 6.7e-05 0.499967 O
0.3101 0.3334 0.8333 O
0.976767 0.666733 0.166633 O
0.643433 6.7e-05 0.499967 O
0.6899 0.6666 0.1667 O
0.356567 0.999933 0.500033 O
0.023233 0.333267 0.833367 O
0.6666 0.9767 0.8333 O
0.333267 0.310033 0.166633 O
0.999933 0.643367 0.499967 O
0.6666 0.6899 0.8333 O
0.333267 0.023233 0.166633 O
0.999933 0.356567 0.499967 O
0.3334 0.0233 0.1667 O
6.7e-05 0.356633 0.500033 O
0.666733 0.689967 0.833367 O
0.3334 0.3101 0.1667 O
6.7e-05 0.643433 0.500033 O
0.666733 0.976767 0.833367 O
0.643367 0.643433 0.500033 O
0.9767 0.3101 0.1667 O
0.9767 0.6666 0.1667 O
0.310033 0.976767 0.833367 O
0.786967 0.213133 0.464833 O
0.453633 0.546467 0.798167 O
0.8797 0.7595 0.8685 O
0.546367 0.092833 0.20183299999999998 O
0.213033 0.426167 0.5351670000000001 O
0.8797 0.1202 0.8685 O
0.546367 0.453533 0.20183299999999998 O
0.213033 0.786867 0.5351670000000001 O
0.2405 0.1203 0.8685 O
0.9071670000000001 0.453633 0.20183299999999998 O
0.573833 0.786967 0.5351670000000001 O
0.7595 0.8797 0.1315 O
0.426167 0.213033 0.464833 O
0.092833 0.546367 0.798167 O
0.786967 0.573833 0.464833 O
0.1203 0.2405 0.1315 O
0.453633 0.9071670000000001 0.798167 O
0.1203 0.8798 0.1315 O
0.666667 0.075633 0.333333 O
0.333333 0.408967 0.666667 O
0.2577 0.0 0.0 O
0.924367 0.333333 0.333333 O
0.591033 0.666667 0.666667 O
0.2577 0.2577 0.0 O
0.924367 0.591033 0.333333 O
0.591033 0.924367 0.666667 O
0.7423 0.0 0.0 O
0.408967 0.333333 0.333333 O
0.075633 0.666667 0.666667 O
0.7423 0.7423 0.0 O
0.408967 0.075633 0.333333 O
0.075633 0.408967 0.666667 O
1.0 0.2577 0.0 O
1.0 0.7423 0.0 O
0.2577 1.0 0.0 O
0.7423 1.0 0.0 O
0.0 0.2577 1.0 O
0.0 0.7423 1.0 O
0.2577 0.0 1.0 O
0.2577 0.2577 1.0 O
0.7423 0.0 1.0 O
0.7423 0.7423 1.0 O
1.0 0.2577 1.0 O
1.0 0.7423 1.0 O
0.2577 1.0 1.0 O
0.7423 1.0 1.0 O
0.333333 0.924367 0.666667 O
0.666667 0.591033 0.333333 O
0.0 0.2577 0.0 O
0.0 0.7423 0.0 O
0.666367 0.10663299999999999 0.438433 Si, Fe
0.33303299999999997 0.439967 0.771767 Si, Fe
0.0003 0.7736 0.8949 Si, Fe
0.9997 0.7733 0.1051 Si, Fe
0.333633 0.440267 0.561567 Si, Fe
0.0003 0.2267 0.8949 Si, Fe
0.33303299999999997 0.893067 0.771767 Si, Fe
0.333633 0.893367 0.561567 Si, Fe
0.2264 0.9997 0.8949 Si, Fe
0.893067 0.33303299999999997 0.228233 Si, Fe
0.559733 0.666367 0.561567 Si, Fe
0.2264 0.2267 0.8949 Si, Fe
0.666367 0.559733 0.438433 Si, Fe
0.559733 0.893367 0.561567 Si, Fe
0.7736 0.0003 0.1051 Si, Fe
0.440267 0.333633 0.438433 Si, Fe
0.10693299999999999 0.666967 0.771767 Si, Fe
0.7736 0.7733 0.1051 Si, Fe
0.440267 0.10663299999999999 0.438433 Si, Fe
0.10693299999999999 0.439967 0.771767 Si, Fe
0.7733 0.9997 0.8949 Si, Fe
0.9997 0.2264 0.1051 Si, Fe
0.10663299999999999 0.666367 0.561567 Si, Fe
0.7733 0.7736 0.8949 Si, Fe
0.439967 0.10693299999999999 0.228233 Si, Fe
0.10663299999999999 0.440267 0.561567 Si, Fe
0.2267 0.0003 0.1051 Si, Fe
0.893367 0.333633 0.438433 Si, Fe
0.560033 0.666967 0.771767 Si, Fe
0.2267 0.2264 0.1051 Si, Fe
0.893367 0.559733 0.438433 Si, Fe
0.560033 0.893067 0.771767 Si, Fe
