67
65
63
69
73
76
76
77
74
69
69
69
66
78
73
74
66
71
69
62
72
66
85
74
73
70
79
65
75
72
65
73
75
75
84
65
72
77
72
80
71
72
74
67
72
72
75
79
71
60
82
73
69
74
76
76
74
76
71
68
81
72
65
64
76
80
69
67
62
71
78
79
80
55
71
75
77
70
77
75
70
78
67
70
72
73
75
81
76
77
69
66
72
74
78
70
78
74
71
72
78
72
67
74
65
78
77
64
69
79
75
73
76
59
70
73
72
81
63
72
74
67
81
68
76
75
78
74
75
71
78
66
66
67
73
61
64
67
74
82
62
76
69
71
67
71
66
71
80
80
78
67
70
67
64
63
70
67
66
75
70
69
68
71
69
71
75
76
71
71
71
71
65
77
79
77
77
68
71
78
75
79
71
70
72
71
68
76
66
78
72
80
71
60
74
78
68
69
64
68
65
63
80
71
60
71
76
75
74
60
68
62
67
59
76
73
80
67
65
68
76
74
78
67
66
75
66
69
70
72
69
68
68
81
75
72
67
75
75
64
66
61
73
73
65
64
75
73
74
66
68
59
71
72
62
70
67
79
76
68
70
71
77
74
68
77
74
64
75
71
61
63
70
67
75
63
76
75
70
77
73
67
75
74
68
61
70
65
69
71
64
75
74
69
71
73
74
72
71
69
69
66
64
75
67
72
71
79
78
74
74
67
68
78
68
78
69
66
73
79
74
75
66
62
73
62
63
69
72
61
65
80
70
67
71
75
71
68
77
67
76
69
63
77
75
70
84
72
65
75
64
63
64
75
82
68
68
72
68
68
79
77
71
64
72
67
69
80
81
73
82
75
67
67
72
59
67
79
62
72
75
70
67
70
71
63
69
80
72
79
67
61
64
72
63
83
72
70
75
70
79
79
72
69
75
71
66
76
71
80
67
74
58
65
73
73
78
82
69
62
61
64
74
72
68
74
81
66
72
67
73
58
75
74
67
72
74
74
71
74
69
72
71
75
66
73
67
72
78
73
60
72
67
70
74
70
70
76
82
69
77
63
68
78
77
76
71
64
67
70
68
74
62
70
66
70
72
74
77
76
71
61
68
83
73
69
64
66
67
64
71
75
70
73
64
73
69
68
64
71
65
72
78
72
59
58
66
72
78
69
70
77
76
65
72
74
68
71
82
67
60
76
73
76
69
80
82
76
76
64
80
66
71
65
75
71
76
82
66
72
67
68
71
62
70
77
76
75
77
63
70
68
59
74
73
72
76
60
68
71
78
78
69
72
80
69
65
74
59
71
65
75
78
71
70
61
71
69
77
75
72
76
69
67
62
64
74
67
63
74
65
71
67
70
70
69
68
79
64
73
73
74
73
72
61
80
82
71
69
68
67
75
75
74
75
74
76
73
70
77
65
74
82
71
77
68
76
71
68
77
76
72
63
58
71
68
72
69
67
69
72
65
83
77
76
74
71
73
68
78
68
75
75
78
70
71
75
69
68
70
73
71
67
67
74
77
75
80
75
68
73
70
63
65
68
76
74
76
68
69
75
68
71
71
64
61
72
70
66
72
68
68
79
60
75
69
76
72
74
68
74
71
72
75
72
65
73
73
74
79
65
62
69
73
69
68
67
73
70
62
70
62
68
76
67
74
66
70
71
68
69
66
62
71
78
75
72
71
71
71
73
71
68
80
78
71
74
66
69
69
72
70
72
78
64
75
68
74
71
69
77
66
70
74
65
67
66
75
66
70
62
68
67
69
68
62
67
71
75
72
61
65
73
74
74
74
75
76
64
67
73
64
67
76
78
69
66
75
69
73
80
76
68
66
77
75
68
75
66
75
76
74
75
68
66
78
75
67
78
54
69
69
71
69
74
59
59
69
59
72
64
71
62
70
77
71
74
70
68
77
73
68
71
69
73
65
65
69
66
59
74
64
77
68
63
70
72
64
67
68
68
61
67
70
71
70
67
75
75
71
68
78
73
69
66
69
73
59
72
62
57
69
75
71
75
66
81
73
65
67
79
73
69
70
69
67
73
75
67
74
62
71
72
67
67
76
78
63
69
74
67
79
76
71
66
74
66
71
73
76
76
80
83
72
80
66
65
70
70
65
81
75
70
70
73
69
69
73
72
65
69
71
67
68
73
77
76
72
65
69
70
63
66
80
80
69
69
70
73
67
63
78
70
63
71
70
74
74
66
71
65
68
82
71
61
66
78
65
72
67
71
77
75
74
77
68
66
78
70
73
74
65
72
68
75
62
65
66
66
